# Auckland Monthly Rainfall (mm)
# January 1949 to December 2000.
#
 58.3  82.9  50.2 143.9 165.3 126.4 103.1  74.4  46.3  77.5  69.8 109.0
 16.6  68.9  31.8 107.1  60.3 204.8  54.9  97.8  48.0 157.0 100.4  92.6
 74.6  75.0  47.9 155.9 109.2  99.1 158.6 238.3  15.5  99.4 128.0  58.1
 45.0 136.8  36.2  66.2 102.8 154.4  97.3 168.2  97.6 100.8 230.3  97.3
120.0  70.0  65.2 292.9 201.9 203.0 223.9 243.0  49.0  88.6  44.2  63.1
  8.9  89.7 291.2 111.1 242.5  98.8 130.0 131.4  92.4  56.1  41.8 148.2
 46.9 112.7 137.9  63.3 121.8 168.9 109.9  89.6 111.3 151.0 114.9  84.9
 97.7 135.0  36.0 369.6 132.7 313.4 197.9 226.2 131.7 171.9  90.4 125.4
  3.8  63.1  71.2  43.4 178.1  93.2  90.4  95.5  54.1 148.1  92.5  65.5
 27.4 283.0  65.3  41.3 175.8  38.6 187.4  96.0 103.2 115.0  89.4 173.5
125.7  61.3  99.9 217.2 147.7  55.8 159.4 141.0  59.2 103.6  46.1 120.7
 21.6 188.0  85.0 127.5 134.1 164.7 137.5  84.9 268.5  84.5  82.5  96.8
111.8  74.7  52.6  94.4 147.0 300.4 210.2 218.2 142.5 195.2  44.3  25.8
 34.1  44.8 127.8 127.2 218.7 178.3 154.0 156.7 113.7 203.7 109.4  95.9
 91.5  99.9  97.8  87.1  70.1 138.2 127.0  92.8  72.0  23.8  74.0  75.6
 73.8  36.6  89.9  46.0 228.6 112.5 208.2 196.7 137.5 140.0  51.4 141.4
140.2 127.9  88.9 116.3 106.7 132.7 158.8 320.6  36.5  75.2  82.0 108.6
112.5 185.3  82.3  78.3 144.4 153.3 135.2  88.5 112.2  47.1 116.4  83.2
114.4 244.5 103.8  75.9  57.6  63.8  65.6 113.0  94.8  14.1 210.8 100.5
 34.3  51.0  66.9 275.5 179.0 193.5 116.2 152.5  81.2 104.2  67.9 134.6
 99.3 181.2  16.7 128.1 140.2 117.7  91.5 148.2 123.6  26.7  55.9 162.9
 37.2  29.0 126.7  80.7 163.3 141.0 171.0 227.7 138.5 119.4 110.3  33.4
 43.5 127.4  77.2 102.4 118.1  88.2 126.4 172.5 147.2 149.4 107.5 136.1
 29.5  80.2 202.5 121.6 169.8 119.5 138.8 139.4  57.4  85.6  47.4  49.4
 49.0  10.5  81.8  81.0  75.6 205.4 107.4 140.4 160.7  59.3 103.9  47.4
  8.7  40.8  36.5 133.0  85.2 119.7 140.7  91.1 120.9  61.4  14.6  96.2
193.6  25.7 123.2  86.8 114.1 214.0  85.0 101.6 107.5 138.8 110.9  51.4
201.4  34.5  29.8 130.5  89.7 143.2 174.6 117.5 202.2  82.7 158.1 112.1
 62.2  32.3  74.7  82.8 177.0 199.1 168.4  65.6 106.6 114.2  71.1 105.9
 34.2  74.9  37.9 183.2  42.0 136.7 182.5  97.6 142.9  65.1  98.8 108.8
 29.5 210.1 135.8 121.1  78.4 245.3 207.2 140.3 125.2 159.3 112.7 143.8
 89.9  96.6 194.1  59.9  61.1 105.6 144.3  82.6  82.6  35.6 166.7  94.6
 63.0  40.4  30.1 106.6  70.0 195.5 130.5 131.0 105.9  56.5 131.4  65.0
 39.4  81.5  78.4 168.8  66.4  72.6  93.7  38.4  80.1  97.3  18.8  57.8
 55.5  36.4  45.9 117.2  65.5 166.2  42.2  47.5 110.5 178.7  39.9 168.7
111.7  65.4 212.8  47.8 108.6  78.1 106.6 120.8 112.4  18.9  99.2 133.3
103.4 125.4  93.3 104.0 250.4  95.1 149.3 113.4  72.9  68.5 100.7 177.2
195.9 127.3  39.2  51.7  97.0 149.9 160.7 154.0  72.9  85.8  55.6  41.7
 87.9  28.9 143.1  82.0  70.2 122.3 119.6  60.6 145.6  83.4 111.2 123.7
 16.5  94.3 217.2  16.1 128.3  59.6 206.4 178.2 118.8  81.8  76.1 186.1
225.6  35.5  40.1 123.4 122.1 100.1  79.1 121.9 118.9 137.6 110.1  50.4
 60.4  15.2 101.6 105.9 111.3 108.1 173.3 212.8  82.9  91.3 121.8  38.7
 32.7  93.2 103.7 178.2  48.2 136.3 125.7 167.7 112.7  80.1  95.6  52.7
 67.2  44.6  33.3  72.3 110.8  98.4 179.8 192.4 107.3  63.4  83.8  94.6
 38.6  25.7  26.8  72.4  53.7 166.1  24.7 136.0  84.3  34.5  86.7  52.7
 48.2  44.6  47.8  83.0  85.6  76.4 185.7  98.9 213.1 153.0  41.4  16.5
 80.9  93.9 177.0 112.9 136.0 186.2 220.5 102.3  81.6 145.3 135.1 123.9
 44.9  60.0 123.2 176.9 179.1 185.3 185.7 167.1 116.3  53.1  90.0 182.4
 25.9  49.9 101.8  97.1 116.2 164.2  63.8 102.2 265.0  94.5  73.8  62.5
 16.2  93.8 100.1  44.9  77.3 128.5 355.3 138.6  80.5 103.1  68.8  52.2
103.8  57.7  72.9 165.7  55.2 110.2 130.7 113.2  69.6  96.6 172.5  42.8
 86.2   9.2  51.2 128.4 118.1 203.4 173.2  84.2  72.2  65.5  74.8  63.4
