# Horizontal Ground Displacement in a California Earthquake.
# Instrumental Counts, Every 100-th of a Second.
#
  1    1    1    1    1    1    1    1    1    1    1    1    1    1
  1    1    1    1    1    1    1    1    1    1    1    1    1    1
  1    1    1    1    1    1    1    1    1    1    1    1    1    1
  1    1    1    1    1    1    1    1    1    1    1    1    1    1
  1    1    1    1    1    1    1    1    1    1    1    1    1    1
  1    1    1    1    1    1    1    1    1    1    1    1    1    1
  1    1    1    1    1    1    1    1    1    1    1    1    1    1
  1    1    1    1    1    1    1    1    1    1    1    1    1    1
  1    1    1    1    1    1    1    1    1    1    1    1    1    1
  1    1    1    1    1    1    1    1    1    1    1    1    1    1
  1    1    1    1    1    1    1    1    1    1    1    1    1    1
  1    1    1    1    1    1    1    1    1    1    1    1    1    1
  1    1    1    1    1    1    1    1    1    1    1    1    1    1
  1    1    1    1    1    1    1    1    1    1    1    1    1    1
  1    1    1    1    1    1    1    1    1    1    1    1    1    1
  1    1    1    1    1    1    1    1    1    1    1    1    1    1
  1    1    1    1    1    1    1    1    1    1    1    1    1    1
  1    1    1    1    1    1    1    1    1    1    1    1    1    1
  1    1    1    1    1    1    1    1    1    1    1    1    1    1
  1    1    1    1    1    1    1    1    1    1    1    1    1    1
  1    1    1    1    1    1    1    1    1    1    1    1    1    1
  1    1    1    1    1    1    1    1    1    1    1    1    1    1
  1    1    1    1    1    1    1    1    1    1    1    1    1    1
  1    1    1    1    1    1    1    1    1    1    1    1    1    1
  1    1    1    1    1    1    1    1    1    1    1    1    1    1
  1    1    1    1    1    1    1    1    1    1    1    1    1    1
  1    1    1    1    1    1    1    1    1    1    1    1    1    1
  1    1    1    1    1    1    1    1    1    1    1    1    1    1
  1    1    1    1    1    1    1    1    1    1    1    1    1    1
  1    1    1    1    1    1    1    1    1    1    1    1    1    1
  1    1    1    1    1    2    4    7    7    0  -16  -26  -27   -8
 10   13    5   -4  -12   -2    1   10   -5  -17  -38  -31  -16    4
  4  -13  -22  -19    8   28   24    2  -30  -51  -49  -23   18   44
 34    1  -32  -52  -47  -21   -6   -1   -2   -5    1    1   -7  -17
-21  -21  -24  -21  -18   -9    1    3    5    7    1   -8  -20  -29
-31  -28   -7    3    6   -4  -13   -6   -6  -14  -24  -31  -28  -21
-13   -6   -3    2    1   -5  -19  -26  -30  -37  -32  -24   -4   -4
 -7  -24  -28  -41  -39  -28  -21  -21  -17  -12   -7    5   -6  -15
-35  -45  -46  -41  -18   -5    1   -8  -27  -14    1    1  -10  -32
-37  -35  -32  -37  -36  -34  -38  -38  -31  -27  -24  -16  -24  -20
-18  -19   -6    2   -7  -46  -67  -77  -59  -31   14   59  103  109
116  106  130  193  284  330  392  452  487  448  341  214  131  110
 94   46   -5  -47  -70  -60  -10   12   13   36   72  117  124   61
-15  -49  -39    1   23   58   82   71   12  -71 -133 -140  -94  -26
 31   71   79   48    7  -22  -29    1   31   52   51   36    8  -21
-29  -21  -27  -74 -108  -97  -30   53  101  106   78   17  -46  -95
-96  -60   -5   33   44   33   21   19   24   35   35   25   20   28
 31   31   37   59   78   68   12  -56  -92  -65   -6   49   83   88
 68   34   -1  -26  -32  -19   17   63   86   59    9  -33  -43  -35
-29  -32  -26  -14  -14  -21  -21    6   61  111  119   88   43   17
 11    8    4    4   17   33   52   58   52   42   36   33   21    9
 13   34   63   82   83   75   60   44   18  -12  -39  -46  -27   -1
 26   49   55   48   41   38   38   34   22    2  -11  -20  -15    3
 34   61   80   86   79   59   32    2  -16  -27  -24   -9    8   17
 11   -1  -11  -20  -32  -40  -39  -29  -16   -8   -2    1    1    0
 -2   -4   -2    7   23   38   37   26   12   -1  -15  -25  -27  -20
-12   -7   -5    0    1   -7  -15  -14    1   24   48   63   70   76
 84   98  108  102   84   62   44   36   36   40   48   58   65   66
 60   51   51   60   76   86   90   87   72   46   23   20   38   62
 77   78   59   31    3  -17  -34  -45  -48  -36  -20   -4    8   15
 12   -2  -27  -47  -46  -28   -9   -3  -10  -23  -30  -29  -26  -24
-23  -28  -34  -39  -39  -37  -36  -36  -35  -34  -32  -25  -12    1
  5    3    1    1    5   14   21   23   24   27   32   36   42   50
 58   63   63   56   49   41   38   40   42   39   35   27   17    9
  6    7   12   17   22   23   18    7   -2   -4    0    9   18   22
 24   25   25   26   27   27   26   24   26   31   35   32   24   11
 -4  -15  -18  -12   -1    5   10    8    2   -4  -12  -13   -9   -2
  6   12   14   14   12    6    2    5   14   24   33   35   35   30
 22   17   16   14   12   17   25   34   39   36   28   18   12   16
 29   43   53   59   60   57   53   49   42   35   28   23   23   23
 22   18   12    7    3    1    0   -2   -4   -8  -11  -13  -15  -18
-18  -17  -17  -17  -16  -15  -14   -9   -4    3   10   14   15   13
  8    2    1    1    2    6    9   11   10    5    0   -2   -4   -3
 -5   -8  -10  -10   -4    0    1   -2  -10  -18  -23  -24  -20  -13
 -5    1    3    5    5    7   13   19   21   19   18   22   31   40
 43   40   33   28   26   28   33   39   46   51   49   39   25   12
  5    4    7   11   14   12    4   -7  -18  -24  -25  -22  -14   -5
 -1   -1   -6  -12  -14  -11   -5    1    3    1   -1   -4   -8   -9
 -6    1    5    8    6    1   -5  -12  -15  -15  -10   -4    1    2
  1    1   -1   -3   -2    1    4    8   13   16   18   16   12    4
  1    1    1    3    3    1    1    3    5    6    4    1    1    2
  6   10   12   10    4   -2   -8   -9   -6   -2    1    1    1   -4
 -9  -12  -11   -7   -5   -5   -7  -11  -13  -14  -14  -15  -13  -13
-12  -11  -12  -15  -17  -19  -19  -17  -17  -18  -18  -17  -16  -16
-15  -12   -7   -3   -1   -2   -4   -7   -9   -9   -8   -5   -1    1
  3    1   -3   -8  -12  -12  -11   -8   -5   -4
