 1856 -0.358 -0.452 -0.663 -0.352 -0.305 -0.080 -0.253 -0.234 -0.376 -0.420 -0.670 -0.380 -0.379
 1856     15     17     16     16     15     14     14     15     17     16     16     17
 1857 -0.420 -0.175 -0.522 -0.673 -0.630 -0.365 -0.371 -0.327 -0.497 -0.647 -0.760 -0.158 -0.462
 1857     19     17     19     17     18     17     17     16     18     17     16     16
 1858 -0.472 -1.032 -0.637 -0.327 -0.308 -0.273 -0.246 -0.274 -0.201 -0.119 -0.890 -0.211 -0.416
 1858     18     16     17     15     17     16     17     16     16     15     15     16
 1859 -0.250 -0.051 -0.095 -0.167 -0.090 -0.284 -0.222 -0.129 -0.431 -0.222 -0.288 -0.467 -0.225
 1859     16     18     16     15     16     15     15     16     15     16     15     16
 1860 -0.081 -0.529 -0.600 -0.431 -0.282 -0.071 -0.177 -0.256 -0.214 -0.324 -0.696 -0.806 -0.372
 1860     19     15     16     19     17     16     17     18     17     17     18     18
 1861 -0.869 -0.440 -0.432 -0.441 -0.728 -0.176 -0.215 -0.134 -0.377 -0.377 -0.435 -0.220 -0.404
 1861     18     16     16     14     14     15     15     16     17     16     16     16
 1862 -0.735 -0.838 -0.437 -0.233 -0.206 -0.319 -0.468 -0.629 -0.352 -0.388 -0.933 -0.782 -0.527
 1862     17     15     17     15     17     18     18     17     19     18     15     15
 1863  0.257 -0.070 -0.370 -0.187 -0.319 -0.363 -0.509 -0.363 -0.283 -0.431 -0.367 -0.276 -0.273
 1863     16     15     16     16     18     19     16     17     16     16     15     15
 1864 -0.831 -0.608 -0.514 -0.484 -0.397 -0.196 -0.139 -0.329 -0.390 -0.706 -0.507 -0.593 -0.474
 1864     17     17     17     17     16     19     18     19     16     17     18     18
 1865 -0.117 -0.612 -0.602 -0.150 -0.169 -0.232 -0.158 -0.273 -0.008 -0.350 -0.196 -0.336 -0.267
 1865     16     15     15     16     17     17     15     16     15     15     16     17
 1866  0.097 -0.179 -0.397 -0.129 -0.533  0.078 -0.093 -0.274 -0.231 -0.362 -0.290 -0.367 -0.223
 1866     18     17     15     16     15     16     17     16     16     15     15     16
 1867 -0.296  0.068 -0.667 -0.245 -0.453 -0.325 -0.263 -0.223 -0.078 -0.173 -0.306 -0.531 -0.291
 1867     15     16     18     17     16     16     17     16     16     17     17     17
 1868 -0.724 -0.385  0.004 -0.285 -0.035 -0.112  0.063 -0.141 -0.236 -0.238 -0.510 -0.099 -0.225
 1868     17     16     18     18     18     19     20     19     22     21     22     21
 1869 -0.174  0.226 -0.592 -0.235 -0.198 -0.366 -0.298 -0.230 -0.250 -0.574 -0.478 -0.488 -0.305
 1869     19     19     21     21     20     20     19     22     22     23     22     23
 1870 -0.094 -0.476 -0.422 -0.241 -0.263 -0.249 -0.116 -0.220 -0.253 -0.353 -0.134 -0.729 -0.296
 1870     25     26     24     23     22     22     25     22     22     20     21     21
 1871 -0.370 -0.587 -0.083 -0.171 -0.219 -0.225 -0.134 -0.223 -0.433 -0.522 -0.612 -0.634 -0.351
 1871     20     19     21     24     22     20     22     25     21     22     23     25
 1872 -0.377 -0.406 -0.463 -0.175 -0.118 -0.126 -0.215 -0.158 -0.174 -0.264 -0.348 -0.371 -0.266
 1872     25     22     23     25     26     24     24     24     24     25     24     29
 1873 -0.087 -0.394 -0.364 -0.415 -0.432 -0.194 -0.146 -0.182 -0.296 -0.527 -0.496 -0.393 -0.327
 1873     26     22     24     24     25     24     26     27     24     24     27     25
 1874 -0.030 -0.411 -0.584 -0.564 -0.469 -0.303 -0.111 -0.342 -0.250 -0.470 -0.561 -0.416 -0.376
 1874     24     24     24     25     22     22     26     25     26     29     25     27
 1875 -0.665 -0.673 -0.567 -0.454 -0.103 -0.162 -0.332 -0.229 -0.393 -0.458 -0.535 -0.512 -0.424
 1875     26     25     27     26     24     25     27     27     24     25     26     27
 1876 -0.344 -0.369 -0.431 -0.400 -0.543 -0.389 -0.273 -0.242 -0.452 -0.459 -0.729 -0.795 -0.452
 1876     26     27     26     23     26     29     29     27     23     27     28     28
 1877 -0.394 -0.090 -0.302 -0.440 -0.521 -0.158 -0.141 -0.166 -0.120 -0.157 -0.181  0.133 -0.211
 1877     26     24     27     26     25     26     26     26     28     26     27     29
 1878  0.006  0.202  0.345  0.158 -0.126 -0.066 -0.131 -0.115 -0.114 -0.163 -0.264 -0.413 -0.057
 1878     29     28     25     28     26     26     29     31     30     27     29     31
 1879 -0.238 -0.238 -0.150 -0.326 -0.274 -0.221 -0.165 -0.298 -0.215 -0.219 -0.540 -0.565 -0.287
 1879     29     30     31     30     32     33     31     33     31     30     31     31
 1880 -0.136 -0.271 -0.305 -0.218 -0.333 -0.383 -0.280 -0.115 -0.274 -0.429 -0.540 -0.270 -0.296
 1880     32     33     31     29     30     33     35     33     33     33     34     38
 1881 -0.495 -0.351 -0.227 -0.174 -0.021 -0.216 -0.035 -0.102 -0.222 -0.355 -0.503 -0.251 -0.246
 1881     35     36     36     34     33     33     34     36     36     36     37     37
 1882 -0.063 -0.122 -0.066 -0.278 -0.263 -0.325 -0.222 -0.163 -0.250 -0.370 -0.487 -0.533 -0.262
 1882     38     36     38     37     37     34     39     34     37     36     35     37
 1883 -0.489 -0.392 -0.435 -0.325 -0.314 -0.044 -0.147 -0.243 -0.334 -0.436 -0.346 -0.313 -0.318
 1883     42     40     39     35     35     36     39     38     39     41     38     39
 1884 -0.394 -0.298 -0.371 -0.450 -0.349 -0.343 -0.247 -0.199 -0.297 -0.304 -0.555 -0.377 -0.349
 1884     37     39     37     38     40     38     39     38     38     39     38     39
 1885 -0.553 -0.473 -0.338 -0.434 -0.388 -0.436 -0.272 -0.303 -0.240 -0.304 -0.314 -0.148 -0.350
 1885     39     37     36     36     35     32     36     38     37     38     34     40
 1886 -0.329 -0.489 -0.346 -0.134 -0.057 -0.236 -0.138 -0.137 -0.204 -0.347 -0.359 -0.272 -0.254
 1886     37     37     38     34     35     41     39     41     37     42     39     42
 1887 -0.437 -0.480 -0.361 -0.420 -0.260 -0.301 -0.151 -0.277 -0.254 -0.463 -0.362 -0.350 -0.343
 1887     42     40     39     39     38     37     40     41     39     39     42     40
 1888 -0.624 -0.509 -0.557 -0.281 -0.305 -0.230 -0.266 -0.259 -0.138 -0.108 -0.218 -0.239 -0.311
 1888     38     39     41     43     40     41     43     43     41     43     41     42
 1889 -0.193 -0.131 -0.140 -0.115 -0.038 -0.091 -0.198 -0.265 -0.267 -0.345 -0.433 -0.186 -0.200
 1889     41     41     39     39     41     39     39     40     38     39     38     40
 1890 -0.348 -0.316 -0.333 -0.314 -0.459 -0.395 -0.403 -0.406 -0.470 -0.473 -0.612 -0.433 -0.413
 1890     42     36     36     38     39     39     37     40     36     37     36     38
 1891 -0.588 -0.569 -0.415 -0.361 -0.254 -0.282 -0.311 -0.255 -0.174 -0.322 -0.542 -0.159 -0.353
 1891     39     37     35     35     39     35     34     34     34     34     38     38
 1892 -0.467 -0.092 -0.446 -0.480 -0.406 -0.244 -0.399 -0.350 -0.232 -0.438 -0.582 -0.745 -0.407
 1892     37     38     39     36     36     35     34     35     36     35     36     35
 1893 -1.050 -0.812 -0.381 -0.539 -0.517 -0.341 -0.184 -0.313 -0.300 -0.258 -0.368 -0.324 -0.449
 1893     36     36     37     37     36     34     36     38     38     37     36     36
 1894 -0.424 -0.326 -0.369 -0.409 -0.433 -0.472 -0.349 -0.358 -0.504 -0.418 -0.488 -0.412 -0.414
 1894     39     36     38     38     36     38     37     39     41     39     36     41
 1895 -0.568 -0.686 -0.465 -0.355 -0.356 -0.295 -0.383 -0.255 -0.207 -0.237 -0.273 -0.265 -0.362
 1895     41     39     38     37     38     39     38     41     40     44     39     41
 1896 -0.238 -0.200 -0.411 -0.369 -0.097 -0.134 -0.146 -0.143 -0.156 -0.093 -0.313 -0.091 -0.199
 1896     44     41     43     39     38     43     42     40     41     41     44     42
 1897 -0.300 -0.178 -0.329 -0.087 -0.003 -0.076 -0.109 -0.122 -0.101 -0.151 -0.419 -0.353 -0.186
 1897     40     40     39     40     44     42     40     41     44     43     41     41
 1898 -0.050 -0.300 -0.780 -0.392 -0.394 -0.204 -0.267 -0.262 -0.258 -0.446 -0.459 -0.256 -0.339
 1898     42     41     40     40     44     42     43     42     41     43     42     44
 1899 -0.233 -0.501 -0.517 -0.286 -0.250 -0.292 -0.171 -0.148 -0.110 -0.128  0.059 -0.419 -0.250
 1899     43     41     42     42     45     43     42     44     46     43     43     46
 1900 -0.321 -0.265 -0.333 -0.251 -0.157 -0.067 -0.152 -0.174 -0.143 -0.035 -0.315 -0.089 -0.192
 1900     43     40     39     39     41     40     41     41     41     42     44     43
 1901 -0.144 -0.247 -0.242 -0.137 -0.175 -0.145 -0.233 -0.236 -0.317 -0.332 -0.425 -0.433 -0.256
 1901     46     45     44     42     42     41     40     42     43     43     41     44
 1902 -0.075 -0.138 -0.325 -0.426 -0.346 -0.327 -0.296 -0.350 -0.369 -0.453 -0.533 -0.556 -0.349
 1902     46     43     44     43     46     43     45     46     45     45     47     44
 1903 -0.321 -0.121 -0.423 -0.447 -0.439 -0.472 -0.455 -0.490 -0.527 -0.535 -0.530 -0.576 -0.445
 1903     42     44     46     43     46     47     47     45     46     43     45     47
 1904 -0.633 -0.547 -0.649 -0.566 -0.449 -0.403 -0.418 -0.376 -0.357 -0.353 -0.246 -0.322 -0.443
 1904     46     45     47     42     47     45     45     45     46     49     47     50
 1905 -0.463 -0.681 -0.511 -0.547 -0.344 -0.295 -0.284 -0.263 -0.250 -0.342 -0.237 -0.238 -0.371
 1905     48     47     47     47     49     47     50     48     47     49     52     50
 1906 -0.188 -0.326 -0.363 -0.179 -0.252 -0.227 -0.310 -0.236 -0.318 -0.299 -0.509 -0.300 -0.292
 1906     50     54     51     50     49     52     48     52     48     46     47     50
 1907 -0.535 -0.529 -0.422 -0.596 -0.658 -0.558 -0.480 -0.458 -0.383 -0.365 -0.596 -0.481 -0.505
 1907     51     49     49     49     49     50     51     54     53     49     52     53
 1908 -0.432 -0.468 -0.636 -0.515 -0.523 -0.380 -0.385 -0.441 -0.383 -0.517 -0.558 -0.490 -0.477
 1908     50     51     54     53     50     48     51     52     48     52     52     55
 1909 -0.538 -0.508 -0.638 -0.570 -0.523 -0.446 -0.494 -0.287 -0.274 -0.290 -0.278 -0.516 -0.447
 1909     52     50     52     50     51     49     54     51     51     51     53     54
 1910 -0.323 -0.442 -0.443 -0.404 -0.447 -0.459 -0.330 -0.384 -0.371 -0.466 -0.583 -0.652 -0.442
 1910     54     53     50     51     52     51     50     51     50     53     52     52
 1911 -0.525 -0.607 -0.650 -0.665 -0.503 -0.465 -0.389 -0.376 -0.352 -0.406 -0.350 -0.291 -0.465
 1911     57     54     55     52     51     50     53     54     47     51     51     52
 1912 -0.348 -0.262 -0.465 -0.338 -0.350 -0.251 -0.412 -0.502 -0.490 -0.578 -0.463 -0.408 -0.406
 1912     53     52     52     52     54     52     55     55     53     52     51     51
 1913 -0.386 -0.466 -0.598 -0.473 -0.513 -0.509 -0.365 -0.304 -0.347 -0.394 -0.233 -0.125 -0.393
 1913     53     54     53     50     51     52     51     49     51     52     50     55
 1914 -0.052 -0.193 -0.333 -0.365 -0.250 -0.192 -0.174 -0.267 -0.297 -0.142 -0.342 -0.365 -0.248
 1914     53     52     52     48     46     45     43     40     32     36     36     36
 1915 -0.202 -0.006 -0.396 -0.052 -0.200 -0.102 -0.032 -0.161 -0.084 -0.269 -0.168 -0.235 -0.159
 1915     36     34     37     39     34     34     35     39     39     40     38     41
 1916 -0.244 -0.230 -0.517 -0.341 -0.371 -0.440 -0.310 -0.252 -0.278 -0.313 -0.512 -0.665 -0.373
 1916     40     41     40     40     45     42     40     44     43     42     40     42
 1917 -0.512 -0.786 -0.790 -0.492 -0.739 -0.371 -0.248 -0.325 -0.140 -0.408 -0.342 -0.780 -0.495
 1917     43     37     39     36     40     38     38     38     40     44     39     34
 1918 -0.520 -0.559 -0.533 -0.530 -0.605 -0.322 -0.398 -0.426 -0.351 -0.131 -0.241 -0.300 -0.410
 1918     38     35     33     29     30     29     34     36     33     32     32     32
 1919 -0.229 -0.156 -0.348 -0.099 -0.297 -0.237 -0.257 -0.288 -0.172 -0.305 -0.631 -0.487 -0.292
 1919     32     36     37     34     39     39     41     38     40     42     44     38
 1920 -0.244 -0.437 -0.193 -0.257 -0.169 -0.262 -0.342 -0.243 -0.178 -0.304 -0.423 -0.461 -0.293
 1920     40     40     39     37     45     41     45     45     42     45     43     44
 1921 -0.104 -0.239 -0.229 -0.181 -0.130 -0.148 -0.118 -0.310 -0.265 -0.198 -0.432 -0.246 -0.217
 1921     45     47     49     51     48     47     48     53     50     50     50     51
 1922 -0.388 -0.351 -0.328 -0.321 -0.332 -0.313 -0.282 -0.287 -0.315 -0.333 -0.301 -0.324 -0.323
 1922     54     55     52     50     50     52     53     55     54     50     56     56
 1923 -0.204 -0.467 -0.355 -0.451 -0.355 -0.258 -0.391 -0.439 -0.308 -0.234 -0.072 -0.056 -0.299
 1923     58     57     60     55     55     55     54     55     53     54     53     54
 1924 -0.331 -0.309 -0.329 -0.402 -0.324 -0.268 -0.281 -0.292 -0.321 -0.333 -0.399 -0.572 -0.347
 1924     54     57     54     51     56     55     52     56     56     49     54     54
 1925 -0.401 -0.294 -0.252 -0.261 -0.292 -0.285 -0.271 -0.177 -0.247 -0.330 -0.155  0.014 -0.246
 1925     54     55     50     54     53     51     54     51     50     53     57     56
 1926  0.072  0.051 -0.006 -0.206 -0.232 -0.143 -0.197 -0.054 -0.125 -0.080 -0.228 -0.247 -0.116
 1926     55     54     55     53     52     53     53     54     54     57     56     54
 1927 -0.267 -0.118 -0.356 -0.262 -0.269 -0.190 -0.140 -0.154 -0.110 -0.072 -0.196 -0.476 -0.218
 1927     56     58     62     59     59     59     60     61     60     61     60     58
 1928 -0.144 -0.223 -0.405 -0.321 -0.258 -0.280 -0.190 -0.213 -0.169 -0.173 -0.142 -0.201 -0.227
 1928     56     57     59     59     59     57     59     58     59     57     60     57
 1929 -0.441 -0.691 -0.387 -0.388 -0.394 -0.350 -0.352 -0.263 -0.267 -0.148 -0.105 -0.541 -0.361
 1929     59     56     58     56     58     56     57     59     58     59     59     56
 1930 -0.358 -0.204 -0.176 -0.211 -0.230 -0.127 -0.111 -0.082 -0.128 -0.120  0.028 -0.105 -0.152
 1930     58     56     57     58     59     55     57     61     56     59     54     59
 1931 -0.011 -0.260 -0.111 -0.160 -0.163 -0.017  0.023 -0.063 -0.093 -0.059 -0.190 -0.085 -0.099
 1931     57     56     59     59     60     59     59     58     58     57     61     61
 1932  0.130 -0.230 -0.310 -0.110 -0.206 -0.138 -0.109 -0.137 -0.021 -0.088 -0.237 -0.191 -0.137
 1932     60     61     61     59     61     59     59     58     58     61     55     62
 1933 -0.275 -0.321 -0.327 -0.218 -0.195 -0.163 -0.133 -0.101 -0.191 -0.151 -0.314 -0.484 -0.239
 1933     66     64     66     63     64     62     65     64     66     61     67     66
 1934 -0.232 -0.154 -0.377 -0.273 -0.092 -0.034 -0.058 -0.046 -0.145 -0.076 -0.060 -0.126 -0.139
 1934     66     65     67     66     63     62     64     64     64     66     65     66
 1935 -0.284  0.176 -0.204 -0.301 -0.281 -0.183 -0.124 -0.124 -0.152 -0.044 -0.323 -0.221 -0.172
 1935     64     66     68     63     63     64     62     64     64     64     63     64
 1936 -0.243 -0.368 -0.242 -0.237 -0.125 -0.092  0.023 -0.012 -0.062 -0.031 -0.054 -0.011 -0.121
 1936     65     65     69     62     62     62     63     64     63     63     63     63
 1937 -0.154  0.082 -0.250 -0.169 -0.053  0.022  0.034  0.109  0.130  0.083  0.004 -0.131 -0.024
 1937     65     63     63     60     61     63     63     63     61     61     63     62
 1938  0.034  0.064  0.160  0.165  0.059  0.028  0.126  0.053  0.128  0.189  0.098 -0.196  0.076
 1938     61     62     62     60     59     59     61     60     58     56     60     59
 1939 -0.052 -0.027 -0.206 -0.101 -0.034  0.095  0.033  0.048 -0.112 -0.209 -0.072  0.179 -0.038
 1939     61     60     61     57     58     55     55     60     54     52     55     53
 1940 -0.415 -0.188 -0.180 -0.101 -0.122  0.014  0.141 -0.074  0.031 -0.087 -0.104  0.086 -0.083
 1940     52     50     49     47     50     51     51     50     50     49     47     51
 1941 -0.037  0.034 -0.118  0.098 -0.046  0.059  0.067  0.030 -0.125  0.211  0.062  0.094  0.028
 1941     52     52     53     49     50     52     53     54     51     49     48     44
 1942  0.146 -0.114 -0.054 -0.003  0.011  0.050 -0.089 -0.018  0.042 -0.024 -0.066 -0.117 -0.020
 1942     52     57     57     58     56     57     55     55     54     53     56     53
 1943 -0.261  0.036 -0.214 -0.015  0.082 -0.062  0.085 -0.032  0.027  0.189  0.006  0.168  0.001
 1943     52     54     56     53     53     54     52     56     56     55     54     55
 1944  0.290  0.138  0.117  0.026  0.116  0.192  0.216  0.218  0.297  0.246  0.059 -0.016  0.158
 1944     59     58     60     60     58     58     57     55     56     56     55     55
 1945  0.035  0.028 -0.009  0.168 -0.098  0.003 -0.015  0.303  0.110  0.136 -0.011 -0.185  0.039
 1945     54     57     55     53     52     52     50     49     49     51     51     53
 1946  0.084  0.094 -0.194  0.000 -0.190 -0.250 -0.111 -0.203 -0.079 -0.052 -0.134 -0.400 -0.120
 1946     53     55     52     57     58     57     61     64     59     60     61     64
 1947 -0.160 -0.188 -0.093 -0.072 -0.134 -0.067 -0.096 -0.093 -0.128  0.039 -0.026 -0.243 -0.105
 1947     63     66     63     64     65     64     66     66     64     61     63     63
 1948  0.022 -0.138 -0.202 -0.091  0.003 -0.022 -0.143 -0.097 -0.101 -0.039 -0.098 -0.210 -0.093
 1948     66     67     64     63     63     63     66     67     64     65     64     66
 1949  0.114 -0.196 -0.181 -0.037 -0.109 -0.150 -0.110 -0.042 -0.062 -0.061 -0.092 -0.235 -0.097
 1949     72     70     72     71     69     70     72     71     71     71     71     73
 1950 -0.337 -0.274 -0.158 -0.214 -0.142 -0.122 -0.139 -0.171 -0.133 -0.173 -0.411 -0.241 -0.210
 1950     74     73     76     72     72     69     72     73     72     70     72     76
 1951 -0.370 -0.476 -0.269 -0.161 -0.084 -0.050 -0.011  0.038  0.093  0.092 -0.036  0.113 -0.093
 1951     78     76     75     73     72     72     73     74     75     75     75     79
 1952  0.104  0.060 -0.121  0.013 -0.009  0.012 -0.002  0.016  0.018 -0.064 -0.234 -0.090 -0.025
 1952     77     80     76     77     76     75     75     76     75     75     75     77
 1953  0.051  0.124  0.112  0.115  0.027  0.027 -0.037  0.019  0.049  0.052 -0.073  0.073  0.045
 1953     80     78     77     74     76     74     75     76     75     76     75     76
 1954 -0.221 -0.106 -0.189 -0.209 -0.259 -0.158 -0.255 -0.147 -0.114 -0.115 -0.018 -0.251 -0.170
 1954     77     76     77     74     75     75     75     77     76     76     75     76
 1955  0.061 -0.172 -0.394 -0.288 -0.213 -0.187 -0.196 -0.071 -0.099 -0.109 -0.266 -0.332 -0.189
 1955     77     77     78     75     74     74     74     77     76     74     76     79
 1956 -0.245 -0.373 -0.317 -0.327 -0.319 -0.257 -0.197 -0.237 -0.264 -0.198 -0.289 -0.240 -0.272
 1956     79     81     80     77     75     77     75     76     77     77     78     80
 1957 -0.151 -0.112 -0.120 -0.066  0.018  0.052 -0.017  0.061  0.027 -0.006  0.076  0.167 -0.006
 1957     82     82     82     78     77     76     77     78     77     78     78     81
 1958  0.277  0.173  0.047  0.040  0.039 -0.003  0.051  0.020 -0.034  0.012  0.038  0.078  0.061
 1958     82     82     81     79     78     77     77     79     78     78     79     79
 1959  0.109  0.061  0.100  0.061 -0.009  0.054  0.032 -0.008  0.034 -0.061 -0.141 -0.063  0.014
 1959     82     84     83     79     78     77     78     79     79     78     78     83
 1960 -0.027  0.157 -0.295 -0.126 -0.133  0.007  0.009  0.013  0.044 -0.006 -0.123  0.140 -0.028
 1960     83     83     83     80     80     77     80     78     80     79     81     82
 1961  0.031  0.136  0.063  0.071  0.084  0.065 -0.026  0.005 -0.026 -0.082 -0.045 -0.094  0.015
 1961     84     84     83     81     80     80     79     81     80     80     82     83
 1962  0.043  0.098  0.022 -0.013 -0.060 -0.059 -0.022 -0.016  0.002  0.038  0.023  0.034  0.008
 1962     85     85     86     81     80     80     79     81     81     81     80     83
 1963 -0.025  0.175 -0.116 -0.054 -0.037 -0.019  0.066  0.105  0.085  0.155  0.108  0.021  0.039
 1963     85     83     83     83     80     80     78     80     81     79     81     85
 1964 -0.013 -0.161 -0.275 -0.251 -0.174 -0.177 -0.168 -0.254 -0.282 -0.341 -0.292 -0.409 -0.233
 1964     87     86     85     82     80     80     80     80     82     81     83     86
 1965 -0.198 -0.294 -0.243 -0.269 -0.152 -0.129 -0.214 -0.127 -0.098 -0.045 -0.147 -0.078 -0.166
 1965     85     84     85     83     81     80     79     81     81     82     84     86
 1966 -0.097 -0.087 -0.068 -0.136 -0.120  0.017  0.009 -0.058 -0.012 -0.121 -0.107 -0.224 -0.084
 1966     87     85     85     82     82     80     81     80     83     82     82     83
 1967 -0.169 -0.266 -0.106 -0.083  0.021 -0.118 -0.109 -0.046 -0.089  0.078 -0.107 -0.124 -0.093
 1967     87     87     86     83     82     82     81     81     81     82     82     85
 1968 -0.271 -0.213  0.028 -0.188 -0.201 -0.087 -0.056 -0.045 -0.053 -0.010 -0.059 -0.104 -0.105
 1968     87     85     85     83     83     81     82     82     82     81     83     85
 1969 -0.179 -0.104  0.031  0.111  0.081  0.033  0.078  0.051  0.031  0.042  0.135  0.176  0.040
 1969     89     87     84     83     83     81     82     82     83     82     84     86
 1970  0.073  0.173 -0.042  0.044 -0.043 -0.016 -0.060 -0.077 -0.045 -0.095 -0.071 -0.206 -0.031
 1970     88     86     86     84     83     82     83     81     82     82     84     87
 1971 -0.073 -0.311 -0.284 -0.237 -0.235 -0.236 -0.151 -0.126 -0.124 -0.145 -0.115 -0.204 -0.187
 1971     87     87     86     84     81     82     83     82     83     84     84     86
 1972 -0.344 -0.276 -0.148 -0.063 -0.035  0.025  0.013  0.071  0.008  0.056  0.020  0.182 -0.041
 1972     88     88     86     84     81     82     82     82     83     84     84     87
 1973  0.197  0.264  0.237  0.140  0.136  0.133  0.080  0.033 -0.012  0.020 -0.057 -0.058  0.093
 1973     88     88     87     83     83     83     83     83     83     84     84     87
 1974 -0.300 -0.317 -0.193 -0.161 -0.137 -0.106 -0.061 -0.071 -0.136 -0.171 -0.180 -0.223 -0.171
 1974     89     88     87     84     83     82     82     83     83     84     84     87
 1975 -0.077 -0.106 -0.083 -0.092 -0.033 -0.089 -0.086 -0.118 -0.066 -0.209 -0.256 -0.265 -0.123
 1975     86     87     85     84     84     82     81     82     83     81     83     84
 1976 -0.195 -0.273 -0.387 -0.148 -0.256 -0.146 -0.154 -0.165 -0.127 -0.286 -0.165 -0.100 -0.200
 1976     85     85     85     83     82     81     81     82     81     82     82     84
 1977 -0.114  0.072  0.122  0.126  0.063  0.128  0.057  0.021  0.068  0.019  0.135 -0.016  0.057
 1977     87     86     85     84     82     82     81     83     82     82     83     87
 1978  0.066  0.026  0.031 -0.025 -0.114 -0.124 -0.029 -0.113 -0.042 -0.088  0.029 -0.044 -0.036
 1978     87     87     87     84     83     81     82     82     82     82     82     87
 1979  0.010 -0.124  0.000 -0.050 -0.023  0.081  0.043  0.116  0.126  0.156  0.140  0.330  0.067
 1979     90     89     88     86     85     84     83     84     84     84     84     88
 1980  0.131  0.150  0.037  0.134  0.207  0.128  0.068  0.063  0.047  0.040  0.164  0.057  0.102
 1980     89     88     87     84     83     83     82     82     82     82     83     87
 1981  0.300  0.194  0.214  0.165  0.074  0.084  0.042  0.088  0.072  0.032  0.079  0.250  0.133
 1981     88     89     89     84     83     83     82     84     82     84     86     86
 1982 -0.012 -0.021 -0.108  0.036  0.053 -0.014 -0.004 -0.010  0.073  0.042 -0.013  0.204  0.019
 1982     88     89     89     86     83     82     82     82     83     84     85     87
 1983  0.381  0.342  0.253  0.183  0.175  0.203  0.206  0.236  0.211  0.113  0.292  0.118  0.226
 1983     88     90     89     86     83     83     82     84     84     83     85     87
 1984  0.140  0.049  0.105  0.034  0.117  0.015  0.059  0.096  0.037  0.011 -0.076 -0.211  0.031
 1984     90     90     87     85     83     83     83     84     84     84     86     87
 1985  0.088 -0.080  0.018 -0.012  0.050 -0.032 -0.019  0.043  0.006  0.031 -0.014  0.084  0.014
 1985     89     90     88     86     84     83     84     84     84     85     86     89
 1986  0.194  0.194  0.119  0.105  0.104  0.116  0.058  0.052  0.078  0.078 -0.026  0.084  0.096
 1986     89     90     89     86     85     83     83     84     84     85     86     88
 1987  0.191  0.328  0.072  0.180  0.195  0.216  0.329  0.274  0.327  0.260  0.248  0.416  0.253
 1987     90     90     89     86     85     84     84     84     84     84     86     89
 1988  0.427  0.293  0.375  0.323  0.246  0.250  0.197  0.218  0.171  0.187  0.050  0.146  0.240
 1988     89     91     89     86     84     83     83     83     83     83     85     88
 1989  0.056  0.159  0.157  0.120  0.104  0.146  0.211  0.204  0.200  0.225  0.133  0.247  0.163
 1989     89     89     88     85     84     83     84     83     83     83     85     87
 1990  0.232  0.277  0.547  0.364  0.287  0.268  0.261  0.285  0.221  0.358  0.356  0.264  0.310
 1990     87     88     86     85     83     83     81     84     82     83     84     86
 1991  0.301  0.386  0.219  0.377  0.297  0.341  0.290  0.221  0.210  0.173  0.108  0.095  0.251
 1991     86     87     86     83     81     82     82     82     82     82     81     84
 1992  0.348  0.306  0.245  0.145  0.144  0.130  0.020  0.034  0.005 -0.021 -0.065  0.097  0.116
 1992     86     84     84     82     82     80     79     81     80     81     83     84
 1993  0.321  0.296  0.262  0.229  0.223  0.168  0.136  0.112  0.053  0.136  0.018  0.192  0.179
 1993     85     85     85     83     80     80     81     81     81     82     82     84
 1994  0.221 -0.032  0.224  0.242  0.244  0.224  0.185  0.224  0.240  0.327  0.361  0.331  0.232
 1994     86     86     85     82     81     81     81     82     82     83     84     85
 1995  0.462  0.559  0.372  0.318  0.280  0.368  0.389  0.415  0.323  0.349  0.360  0.279  0.373
 1995     85     85     87     84     82     82     82     83     83     83     84     85
 1996  0.162  0.343  0.217  0.162  0.256  0.275  0.281  0.228  0.187  0.165  0.166  0.276  0.227
 1996     83     82     80     79     76     77     76     78     79     79     78     82
 1997  0.254  0.349  0.323  0.295  0.298  0.431  0.422  0.445  0.516  0.537  0.487  0.572  0.411
 1997     83     83     83     81     78     80     79     80     79     80     81     82
 1998  0.511  0.823  0.591  0.659  0.613  0.638  0.703  0.673  0.474  0.451  0.346  0.469  0.579
 1998     83     83     83     81     80     80     80     81     79     80     80     83
 1999  0.403  0.607  0.281  0.358  0.293  0.327  0.341  0.287  0.324  0.278  0.196  0.384  0.340
 1999     82     83     82     81     79     80     79     81     80     81     80     82
 2000  0.201  0.429  0.386  0.466  0.299  0.266  0.248  0.364  0.302  0.216  0.121  0.171  0.289
 2000     84     83     81     80     79     78     79     80     79     80     80     81
 2001  0.342  0.307  0.502  0.431  0.456  0.414  0.446  0.502  0.405  0.387  0.519  0.347  0.421
 2001     81     82     82     80     77     78     79     80     79     79     80     82
 2002  0.638  0.680  0.620  0.443  0.428  0.446  0.487  0.395  0.437  0.393  0.421  0.301  0.474
 2002     81     82     82     80     79     77     78     79     79     79     81     82
 2003  0.545  0.430  0.390  0.395  0.447  0.436  0.449  0.517  0.514  0.565  0.422  0.567  0.473
 2003     82     82     82     80     79     78     79     79     79     79     80     82
 2004  0.454  0.616  0.000  0.000  0.000  0.000  0.000  0.000  0.000  0.000  0.000  0.000  0.535
 2004     80     82      0      0      0      0      0      0      0      0      0      0
